Graph Edges_Prob Backtracking Weight Greedy Weight Delta  Accuracy (%)
    5      0.125                  41            41     0    100.000000
    5       0.25                  44            44     0    100.000000
    5        0.5                  68            68     0    100.000000
    5       0.75                  68            68     0    100.000000
    6      0.125                  44            44     0    100.000000
    6       0.25                  44            44     0    100.000000
    6        0.5                  77            77     0    100.000000
    6       0.75                  80            80     0    100.000000
    7      0.125                  53            53     0    100.000000
    7       0.25                  57            57     0    100.000000
    7        0.5                  60            60     0    100.000000
    7       0.75                  68            68     0    100.000000
    8      0.125                  59            59     0    100.000000
    8       0.25                  69            69     0    100.000000
    8        0.5                  71            71     0    100.000000
    8       0.75                  84            84     0    100.000000
    9      0.125                  57            57     0    100.000000
    9       0.25                  60            60     0    100.000000
    9        0.5                  77            77     0    100.000000
    9       0.75                  88            88     0    100.000000
   10      0.125                  41            41     0    100.000000
   10       0.25                  69            69     0    100.000000
   10        0.5                  81            81     0    100.000000
   10       0.75                 102           102     0    100.000000
   11      0.125                  41            41     0    100.000000
   11       0.25                  54            54     0    100.000000
   11        0.5                  70            70     0    100.000000
   11       0.75                 113           113     0    100.000000
   12      0.125                  41            41     0    100.000000
   12       0.25                  65            65     0    100.000000
   12        0.5                  96            96     0    100.000000
   12       0.75                 142           142     0    100.000000
   13      0.125                  45            45     0    100.000000
   13       0.25                  74            74     0    100.000000
   13        0.5                 103           103     0    100.000000
   13       0.75                 121           121     0    100.000000
   14      0.125                  46            46     0    100.000000
   14       0.25                  92            92     0    100.000000
   14        0.5                 114           114     0    100.000000
   14       0.75                 154           154     0    100.000000
   15      0.125                  46            46     0    100.000000
   15       0.25                  79            79     0    100.000000
   15        0.5                  95            95     0    100.000000
   15       0.75                 141           141     0    100.000000
   16      0.125                  52            52     0    100.000000
   16       0.25                  77            77     0    100.000000
   16        0.5                 105           105     0    100.000000
   16       0.75                 122           122     0    100.000000
   17      0.125                  64            64     0    100.000000
   17       0.25                  79            79     0    100.000000
   17        0.5                 118           118     0    100.000000
   17       0.75                 177           177     0    100.000000
   18      0.125                  64            64     0    100.000000
   18       0.25                  64            64     0    100.000000
   18        0.5                  96            96     0    100.000000
   18       0.75                 165           165     0    100.000000
   19      0.125                  65            65     0    100.000000
   19       0.25                  72            72     0    100.000000
   19        0.5                 109           109     0    100.000000
   19       0.75                 171           171     0    100.000000
   20      0.125                  65            65     0    100.000000
   20       0.25                  79            79     0    100.000000
   20        0.5                 133           133     0    100.000000
   20       0.75                 185           185     0    100.000000
   21      0.125                  64            64     0    100.000000
   21       0.25                  64            64     0    100.000000
   21        0.5                 132           132     0    100.000000
   21       0.75                 190           190     0    100.000000
   22      0.125                  64            64     0    100.000000
   22       0.25                  69            69     0    100.000000
   22        0.5                 120           120     0    100.000000
   22       0.75                 161           161     0    100.000000
   23      0.125                  64            64     0    100.000000
   23       0.25                  66            66     0    100.000000
   23        0.5                 135           135     0    100.000000
   23       0.75                 194           194     0    100.000000
   24      0.125                  64            64     0    100.000000
   24       0.25                  79            79     0    100.000000
   24        0.5                 125           125     0    100.000000
   24       0.75                 213           213     0    100.000000
   25      0.125                  78            78     0    100.000000
   25       0.25                  87            87     0    100.000000
   25        0.5                 153           153     0    100.000000
   25       0.75                 254           254     0    100.000000
   26      0.125                  85            85     0    100.000000
   26       0.25                  97            97     0    100.000000
   26        0.5                 181           181     0    100.000000
   26       0.75                 233           233     0    100.000000
   27      0.125                  81            81     0    100.000000
   27       0.25                 103           103     0    100.000000
   27        0.5                 122           122     0    100.000000
   27       0.75                 225           225     0    100.000000
   28      0.125                 111           111     0    100.000000
   28       0.25                 111           111     0    100.000000
   28        0.5                 155           155     0    100.000000
   28       0.75                 230           230     0    100.000000
   29      0.125                  93            93     0    100.000000
   29       0.25                 124           124     0    100.000000
   29        0.5                 169           169     0    100.000000
   29       0.75                 277           277     0    100.000000
   30      0.125                 116           116     0    100.000000
   30       0.25                 128           128     0    100.000000
   30        0.5                 201           201     0    100.000000
   30       0.75                 241           241     0    100.000000
   31      0.125                 103           103     0    100.000000
   31       0.25                 111           111     0    100.000000
   31        0.5                 166           164     2     98.795181
   31       0.75                 267           267     0    100.000000
   32      0.125                 103           103     0    100.000000
   32       0.25                 106           106     0    100.000000
   32        0.5                 181           181     0    100.000000
   32       0.75                 267           267     0    100.000000
   33      0.125                  96            96     0    100.000000
   33       0.25                 134           134     0    100.000000
   33        0.5                 187           180     7     96.256684
   33       0.75                 333           333     0    100.000000
   34      0.125                  94            94     0    100.000000
   34       0.25                 122           122     0    100.000000
   34        0.5                 192           192     0    100.000000
   34       0.75                 350           350     0    100.000000
   35      0.125                  99            99     0    100.000000
   35       0.25                 122           122     0    100.000000
   35        0.5                 251           251     0    100.000000
   35       0.75                 322           322     0    100.000000
   36      0.125                  94            94     0    100.000000
   36       0.25                 136           136     0    100.000000
   36        0.5                 189           189     0    100.000000
   36       0.75                 321           321     0    100.000000
   37      0.125                  99            99     0    100.000000
   37       0.25                 166           166     0    100.000000
   37        0.5                 228           216    12     94.736842
   37       0.75                 323           323     0    100.000000
   38      0.125                 106           106     0    100.000000
   38       0.25                 166           166     0    100.000000
   38        0.5                 204           204     0    100.000000
   38       0.75                 348           348     0    100.000000
   39      0.125                  99            99     0    100.000000
   39       0.25                 154           154     0    100.000000
   39        0.5                 208           199     9     95.673077
   39       0.75                 371           360    11     97.035040
   40      0.125                 125           125     0    100.000000
   40       0.25                 147           143     4     97.278912
   40        0.5                 222           222     0    100.000000
   40       0.75                 404           354    50     87.623762
   41      0.125                 125           125     0    100.000000
   41       0.25                 173           173     0    100.000000
   41        0.5                 220           205    15     93.181818
   41       0.75                 362           356     6     98.342541
   42      0.125                 111           111     0    100.000000
   42       0.25                 156           146    10     93.589744
   42        0.5                 248           246     2     99.193548
   42       0.75                 377           377     0    100.000000
   43      0.125                 111           111     0    100.000000
   43       0.25                 154           154     0    100.000000
   43        0.5                 214           214     0    100.000000
   43       0.75                 403           403     0    100.000000
   44      0.125                 130           130     0    100.000000
   44       0.25                 168           168     0    100.000000
   44        0.5                 219           219     0    100.000000
   44       0.75                 369           352    17     95.392954
   45      0.125                 125           125     0    100.000000
   45       0.25                 162           162     0    100.000000
   45        0.5                 248           248     0    100.000000
   45       0.75                 364           354    10     97.252747
   46      0.125                 123           123     0    100.000000
   46       0.25                 201           201     0    100.000000
   46        0.5                 272           249    23     91.544118
   46       0.75                 396           390     6     98.484848
   47      0.125                 107           107     0    100.000000
   47       0.25                 168           168     0    100.000000
   47        0.5                 288           283     5     98.263889
   47       0.75                 433           433     0    100.000000
   48      0.125                 113           113     0    100.000000
   48       0.25                 144           144     0    100.000000
   48        0.5                 240           240     0    100.000000
   48       0.75                 366           356    10     97.267760
   49      0.125                 126           126     0    100.000000
   49       0.25                 164           164     0    100.000000
   49        0.5                 257           252     5     98.054475
   49       0.75                 371           340    31     91.644205
   50      0.125                 152           152     0    100.000000
   50       0.25                 152           152     0    100.000000
   50        0.5                 224           221     3     98.660714
   50       0.75                 395           395     0    100.000000
   51      0.125                 135           135     0    100.000000
   51       0.25                 173           173     0    100.000000
   51        0.5                 261           261     0    100.000000
   51       0.75                 416           388    28     93.269231
   52      0.125                 133           133     0    100.000000
   52       0.25                 173           161    12     93.063584
   52        0.5                 244           230    14     94.262295
   52       0.75                 423           412    11     97.399527
   53      0.125                 130           130     0    100.000000
   53       0.25                 170           170     0    100.000000
   53        0.5                 247           244     3     98.785425
   53       0.75                 422           405    17     95.971564
   54      0.125                 122           122     0    100.000000
   54       0.25                 162           162     0    100.000000
   54        0.5                 250           226    24     90.400000
   54       0.75                 390           375    15     96.153846
   55      0.125                 130           130     0    100.000000
   55       0.25                 157           157     0    100.000000
   55        0.5                 244           223    21     91.393443
   55       0.75                 413           405     8     98.062954
   56      0.125                 125           125     0    100.000000
   56       0.25                 175           159    16     90.857143
   56        0.5                 248           248     0    100.000000
   56       0.75                 420           392    28     93.333333
   57      0.125                 130           130     0    100.000000
   57       0.25                 175           161    14     92.000000
   57        0.5                 296           260    36     87.837838
   57       0.75                 439           410    29     93.394077
   58      0.125                 142           130    12     91.549296
   58       0.25                 168           168     0    100.000000
   58        0.5                 357           328    29     91.876751
   58       0.75                 451           415    36     92.017738
   59      0.125                 135           135     0    100.000000
   59       0.25                 173           173     0    100.000000
   59        0.5                 273           273     0    100.000000
   59       0.75                 401           401     0    100.000000
   60      0.125                 135           135     0    100.000000
   60       0.25                 175           175     0    100.000000
   60        0.5                 288           288     0    100.000000
   60       0.75                 453           402    51     88.741722
   61      0.125                 138           138     0    100.000000
   61       0.25                 225           225     0    100.000000
   61        0.5                 322           297    25     92.236025
   61       0.75                 445           445     0    100.000000
   62      0.125                 141           141     0    100.000000
   62       0.25                 189           189     0    100.000000
   62        0.5                 277           276     1     99.638989
   62       0.75                 417           379    38     90.887290
   63      0.125                 149           149     0    100.000000
   63       0.25                 211           211     0    100.000000
   63        0.5                 274           274     0    100.000000
   63       0.75                 455           441    14     96.923077
   64      0.125                 135           135     0    100.000000
   64       0.25                 164           163     1     99.390244
   64        0.5                 326           326     0    100.000000
   64       0.75                 477           450    27     94.339623
   65      0.125                 125           125     0    100.000000
   65       0.25                 159           156     3     98.113208
   65        0.5                 283           283     0    100.000000
   65       0.75                 495           495     0    100.000000
   66      0.125                 147           147     0    100.000000
   66       0.25                 182           169    13     92.857143
   66        0.5                 272           272     0    100.000000
   66       0.75                 476           476     0    100.000000
   67      0.125                 125           125     0    100.000000
   67       0.25                 158           158     0    100.000000
   67        0.5                 256           247     9     96.484375
   67       0.75                 455           446     9     98.021978
   68      0.125                 129           125     4     96.899225
   68       0.25                 178           178     0    100.000000
   68        0.5                 284           279     5     98.239437
   68       0.75                 472           472     0    100.000000
   69      0.125                 125           125     0    100.000000
   69       0.25                 176           176     0    100.000000
   69        0.5                 288           272    16     94.444444
   69       0.75                 421           406    15     96.437055
   70      0.125                 124           124     0    100.000000
   70       0.25                 176           159    17     90.340909
   70        0.5                 284           284     0    100.000000
   70       0.75                 497           490     7     98.591549
   71      0.125                 143           143     0    100.000000
   71       0.25                 185           185     0    100.000000
   71        0.5                 309           309     0    100.000000
   71       0.75                 532           532     0    100.000000
   72      0.125                 128           128     0    100.000000
   72       0.25                 175           175     0    100.000000
   72        0.5                 258           239    19     92.635659
   72       0.75                 444           425    19     95.720721
   73      0.125                 165           165     0    100.000000
   73       0.25                 203           203     0    100.000000
   73        0.5                 295           263    32     89.152542
   73       0.75                 465           465     0    100.000000
   74      0.125                 142           142     0    100.000000
   74       0.25                 177           177     0    100.000000
   74        0.5                 290           282     8     97.241379
   74       0.75                 477           477     0    100.000000
   75      0.125                 132           132     0    100.000000
   75       0.25                 189           189     0    100.000000
   75        0.5                 288           288     0    100.000000
   75       0.75                 491           491     0    100.000000
   76      0.125                 144           144     0    100.000000
   76       0.25                 180           180     0    100.000000
   76        0.5                 290           290     0    100.000000
   76       0.75                 502           496     6     98.804781
   77      0.125                 161           161     0    100.000000
   77       0.25                 175           173     2     98.857143
   77        0.5                 302           302     0    100.000000
   77       0.75                 520           520     0    100.000000
   78      0.125                 140           140     0    100.000000
   78       0.25                 175           175     0    100.000000
   78        0.5                 292           289     3     98.972603
   78       0.75                 485           482     3     99.381443
   79      0.125                 160           154     6     96.250000
   79       0.25                 191           173    18     90.575916
   79        0.5                 306           283    23     92.483660
   79       0.75                 485           465    20     95.876289
   80      0.125                 130           130     0    100.000000
   80       0.25                 192           192     0    100.000000
   80        0.5                 291           265    26     91.065292
   80       0.75                 538           538     0    100.000000
   81      0.125                 144           128    16     88.888889
   81       0.25                 176           173     3     98.295455
   81        0.5                 301           301     0    100.000000
   81       0.75                 535           535     0    100.000000
   82      0.125                 141           140     1     99.290780
   82       0.25                 179           164    15     91.620112
   82        0.5                 299           297     2     99.331104
   82       0.75                 505           482    23     95.445545
   83      0.125                 136           136     0    100.000000
   83       0.25                 197           197     0    100.000000
   83        0.5                 310           303     7     97.741935
   83       0.75                 528           485    43     91.856061
   84      0.125                 133           133     0    100.000000
   84       0.25                 196           196     0    100.000000
   84        0.5                 276           276     0    100.000000
   84       0.75                 519           500    19     96.339114
   85      0.125                 159           133    26     83.647799
   85       0.25                 176           176     0    100.000000
   85        0.5                 315           296    19     93.968254
   85       0.75                 538           525    13     97.583643
   86      0.125                 174           174     0    100.000000
   86       0.25                 199           199     0    100.000000
   86        0.5                 293           272    21     92.832765
   86       0.75                 506           471    35     93.083004
   87      0.125                 139           139     0    100.000000
   87       0.25                 165           165     0    100.000000
   87        0.5                 313           292    21     93.290735
   87       0.75                 554           554     0    100.000000
   88      0.125                 128           128     0    100.000000
   88       0.25                 193           193     0    100.000000
   88        0.5                 315           315     0    100.000000
   88       0.75                 519           501    18     96.531792
   89      0.125                 131           131     0    100.000000
   89       0.25                 182           182     0    100.000000
   89        0.5                 293           293     0    100.000000
   89       0.75                 545           539     6     98.899083
   90      0.125                 161           161     0    100.000000
   90       0.25                 187           181     6     96.791444
   90        0.5                 346           346     0    100.000000
   90       0.75                 533           514    19     96.435272
   91      0.125                 160           160     0    100.000000
   91       0.25                 199           199     0    100.000000
   91        0.5                 343           343     0    100.000000
   91       0.75                 523           477    46     91.204589
   92      0.125                 152           152     0    100.000000
   92       0.25                 189           189     0    100.000000
   92        0.5                 282           279     3     98.936170
   92       0.75                 534           494    40     92.509363
   93      0.125                 152           139    13     91.447368
   93       0.25                 192           192     0    100.000000
   93        0.5                 305           297     8     97.377049
   93       0.75                 548           524    24     95.620438
   94      0.125                 174           174     0    100.000000
   94       0.25                 179           174     5     97.206704
   94        0.5                 329           329     0    100.000000
   94       0.75                 554           535    19     96.570397
   95      0.125                 153           139    14     90.849673
   95       0.25                 195           195     0    100.000000
   95        0.5                 319           319     0    100.000000
   95       0.75                 522           520     2     99.616858
   96      0.125                 133           133     0    100.000000
   96       0.25                 187           187     0    100.000000
   96        0.5                 287           277    10     96.515679
   96       0.75                 523           512    11     97.896750
   97      0.125                 179           179     0    100.000000
   97       0.25                 204           204     0    100.000000
   97        0.5                 316           316     0    100.000000
   97       0.75                 548           543     5     99.087591
   98      0.125                 145           145     0    100.000000
   98       0.25                 181           165    16     91.160221
   98        0.5                 327           321     6     98.165138
   98       0.75                 546           494    52     90.476190
   99      0.125                 158           158     0    100.000000
   99       0.25                 186           186     0    100.000000
   99        0.5                 302           302     0    100.000000
   99       0.75                 540           539     1     99.814815
  100      0.125                 139           139     0    100.000000
  100       0.25                 181           178     3     98.342541
  100        0.5                 328           319     9     97.256098
  100       0.75                 545           545     0    100.000000
  101      0.125                 144           139     5     96.527778
  101       0.25                 193           193     0    100.000000
  101        0.5                 328           321     7     97.865854
  101       0.75                 543           498    45     91.712707
  102      0.125                 168           168     0    100.000000
  102       0.25                 214           214     0    100.000000
  102        0.5                 318           297    21     93.396226
  102       0.75                 572           572     0    100.000000
  103      0.125                 174           174     0    100.000000
  103       0.25                 192           192     0    100.000000
  103        0.5                 307           303     4     98.697068
  103       0.75                 608           548    60     90.131579
  104      0.125                 136           135     1     99.264706
  104       0.25                 181           181     0    100.000000
  104        0.5                 340           325    15     95.588235
  104       0.75                 529           506    23     95.652174
  105      0.125                 156           156     0    100.000000
  105       0.25                 188           188     0    100.000000
  105        0.5                 356           356     0    100.000000
  105       0.75                 547           516    31     94.332724
  106      0.125                 153           136    17     88.888889
  106       0.25                 213           213     0    100.000000
  106        0.5                 315           315     0    100.000000
  106       0.75                 563           555     8     98.579041
  107      0.125                 151           151     0    100.000000
  107       0.25                 221           221     0    100.000000
  107        0.5                 358           358     0    100.000000
  107       0.75                 588           572    16     97.278912
  108      0.125                 174           174     0    100.000000
  108       0.25                 186           186     0    100.000000
  108        0.5                 366           366     0    100.000000
  108       0.75                 595           571    24     95.966387
  109      0.125                 142           139     3     97.887324
  109       0.25                 199           199     0    100.000000
  109        0.5                 328           308    20     93.902439
  109       0.75                 547           547     0    100.000000
  110      0.125                 147           142     5     96.598639
  110       0.25                 186           186     0    100.000000
  110        0.5                 357           329    28     92.156863
  110       0.75                 554           554     0    100.000000
  111      0.125                 152           152     0    100.000000
  111       0.25                 207           203     4     98.067633
  111        0.5                 321           301    20     93.769470
  111       0.75                 571           533    38     93.345009
  112      0.125                 156           156     0    100.000000
  112       0.25                 221           221     0    100.000000
  112        0.5                 369           369     0    100.000000
  112       0.75                 635           635     0    100.000000
  113      0.125                 136           136     0    100.000000
  113       0.25                 228           228     0    100.000000
  113        0.5                 342           342     0    100.000000
  113       0.75                 597           583    14     97.654941
  114      0.125                 180           180     0    100.000000
  114       0.25                 199           199     0    100.000000
  114        0.5                 331           297    34     89.728097
  114       0.75                 560           555     5     99.107143
  115      0.125                 173           173     0    100.000000
  115       0.25                 201           190    11     94.527363
  115        0.5                 314           299    15     95.222930
  115       0.75                 566           553    13     97.703180
  116      0.125                 180           180     0    100.000000
  116       0.25                 204           204     0    100.000000
  116        0.5                 369           369     0    100.000000
  116       0.75                 601           591    10     98.336106
  117      0.125                 143           143     0    100.000000
  117       0.25                 201           201     0    100.000000
  117        0.5                 302           290    12     96.026490
  117       0.75                 572           565     7     98.776224
  118      0.125                 168           168     0    100.000000
  118       0.25                 208           203     5     97.596154
  118        0.5                 336           336     0    100.000000
  118       0.75                 634           580    54     91.482650
  119      0.125                 174           174     0    100.000000
  119       0.25                 201           186    15     92.537313
  119        0.5                 324           323     1     99.691358
  119       0.75                 561           542    19     96.613191
  120      0.125                 157           157     0    100.000000
  120       0.25                 210           210     0    100.000000
  120        0.5                 323           323     0    100.000000
  120       0.75                 560           553     7     98.750000
  121      0.125                 163           163     0    100.000000
  121       0.25                 251           251     0    100.000000
  121        0.5                 339           307    32     90.560472
  121       0.75                 608           545    63     89.638158
  122      0.125                 155           155     0    100.000000
  122       0.25                 215           215     0    100.000000
  122        0.5                 347           337    10     97.118156
  122       0.75                 585           549    36     93.846154
  123      0.125                 174           174     0    100.000000
  123       0.25                 215           215     0    100.000000
  123        0.5                 345           344     1     99.710145
  123       0.75                 602           597     5     99.169435
  124      0.125                 182           182     0    100.000000
  124       0.25                 219           219     0    100.000000
  124        0.5                 330           317    13     96.060606
  124       0.75                 635           613    22     96.535433
  125      0.125                 162           162     0    100.000000
  125       0.25                 213           213     0    100.000000
  125        0.5                 320           320     0    100.000000
  125       0.75                 643           637     6     99.066874
  126      0.125                 163           163     0    100.000000
  126       0.25                 203           203     0    100.000000
  126        0.5                 343           340     3     99.125364
  126       0.75                 660           634    26     96.060606
  127      0.125                 151           143     8     94.701987
  127       0.25                 203           203     0    100.000000
  127        0.5                 334           334     0    100.000000
  127       0.75                 585           568    17     97.094017
  128      0.125                 170           170     0    100.000000
  128       0.25                 222           222     0    100.000000
  128        0.5                 362           347    15     95.856354
  128       0.75                 642           610    32     95.015576
  129      0.125                 152           137    15     90.131579
  129       0.25                 220           204    16     92.727273
  129        0.5                 331           330     1     99.697885
  129       0.75                 597           543    54     90.954774
  130      0.125                 164           164     0    100.000000
  130       0.25                 205           205     0    100.000000
  130        0.5                 358           357     1     99.720670
  130       0.75                 618           534    84     86.407767
  131      0.125                 164           164     0    100.000000
  131       0.25                 209           209     0    100.000000
  131        0.5                 344           335     9     97.383721
  131       0.75                 571           549    22     96.147110
  132      0.125                 184           184     0    100.000000
  132       0.25                 200           200     0    100.000000
  132        0.5                 343           343     0    100.000000
  132       0.75                 596           547    49     91.778523
  133      0.125                 150           150     0    100.000000
  133       0.25                 222           221     1     99.549550
  133        0.5                 332           332     0    100.000000
  133       0.75                 593           562    31     94.772344
  134      0.125                 174           174     0    100.000000
  134       0.25                 212           212     0    100.000000
  134        0.5                 354           309    45     87.288136
  134       0.75                 631           553    78     87.638669
  135      0.125                 168           168     0    100.000000
  135       0.25                 227           227     0    100.000000
  135        0.5                 343           332    11     96.793003
  135       0.75                 634           590    44     93.059937
  136      0.125                 149           147     2     98.657718
  136       0.25                 211           211     0    100.000000
  136        0.5                 359           326    33     90.807799
  136       0.75                 630           564    66     89.523810
  137      0.125                 184           184     0    100.000000
  137       0.25                 223           206    17     92.376682
  137        0.5                 354           333    21     94.067797
  137       0.75                 650           614    36     94.461538
  138      0.125                 174           174     0    100.000000
  138       0.25                 225           225     0    100.000000
  138        0.5                 335           332     3     99.104478
  138       0.75                 629           614    15     97.615262
  139      0.125                 147           147     0    100.000000
  139       0.25                 215           215     0    100.000000
  139        0.5                 328           319     9     97.256098
  139       0.75                 563           547    16     97.158082
  140      0.125                 178           156    22     87.640449
  140       0.25                 215           215     0    100.000000
  140        0.5                 360           360     0    100.000000
  140       0.75                 586           564    22     96.245734
  141      0.125                 162           153     9     94.444444
  141       0.25                 210           197    13     93.809524
  141        0.5                 324           321     3     99.074074
  141       0.75                 592           551    41     93.074324
  142      0.125                 174           174     0    100.000000
  142       0.25                 224           224     0    100.000000
  142        0.5                 351           347     4     98.860399
  142       0.75                 642           625    17     97.352025
  143      0.125                 153           153     0    100.000000
  143       0.25                 214           210     4     98.130841
  143        0.5                 345           316    29     91.594203
  143       0.75                 593           589     4     99.325464
  144      0.125                 162           162     0    100.000000
  144       0.25                 197           192     5     97.461929
  144        0.5                 338           318    20     94.082840
  144       0.75                 634           597    37     94.164038
  145      0.125                 162           162     0    100.000000
  145       0.25                 207           207     0    100.000000
  145        0.5                 333           328     5     98.498498
  145       0.75                 599           541    58     90.317195
  146      0.125                 156           156     0    100.000000
  146       0.25                 248           248     0    100.000000
  146        0.5                 368           334    34     90.760870
  146       0.75                 592           582    10     98.310811
  147      0.125                 164           164     0    100.000000
  147       0.25                 220           198    22     90.000000
  147        0.5                 359           359     0    100.000000
  147       0.75                 623           621     2     99.678973
  148      0.125                 172           172     0    100.000000
  148       0.25                 225           225     0    100.000000
  148        0.5                 328           321     7     97.865854
  148       0.75                 638           572    66     89.655172
  149      0.125                 166           166     0    100.000000
  149       0.25                 214           214     0    100.000000
  149        0.5                 360           329    31     91.388889
  149       0.75                 615           583    32     94.796748
  150      0.125                 150           150     0    100.000000
  150       0.25                 221           221     0    100.000000
  150        0.5                 368           368     0    100.000000
  150       0.75                 596           550    46     92.281879
  151      0.125                 161           161     0    100.000000
  151       0.25                 212           211     1     99.528302
  151        0.5                 340           336     4     98.823529
  151       0.75                 621           537    84     86.473430
Total                                                        98.253527